Node 0, zone      DMA      3      1      1      1      1      1      1      0      1      1      3 
Node 0, zone    DMA32  36576   9629   1587    311    103     39     28     14      4      1      0 
Node 0, zone   Normal  46110   7768    806    112     76     44     20      9      6      2      0 
Node 1, zone   Normal 143887  27451   6048   1603    375    144     69     49     35     10      0 
Node 2, zone   Normal 170489  41052   8631   3344    586    155     72     35     11      0      0 
Node 3, zone   Normal 158331  51977  13600   3433    733    123     21      5      4      0      0 
Node 4, zone   Normal 190882  64481  19030   5628   1290    342     82     36     10      1      0 
Node 5, zone   Normal 129851  37483   8165   1824    594    203     71     17      2      1      0 
Node 6, zone   Normal 197065  54667  14788   5875   1606    309     84     27      7      1      1 
Node 7, zone   Normal 216024  76971  20015   5301   1406    337     61      8      6      1      0 
