   8      16 sdb 25515095 681634694 5790646446 429826350 6449428 23452021 288480046 528569373 0 36125419 959909161
   8      17 sdb1 501598 489568 125472523 322387 582532 693299 69566029 24401937 0 6034409 24725568
   8      18 sdb2 25013458 681145126 5665170331 429503698 4825023 22758722 218914017 495843350 0 28456151 926855966
   8       0 sda 25548104 681641295 5791724716 427583573 6482930 23432777 288582390 534960270 0 36099119 963905556
   8       1 sda1 546330 489658 126550699 405991 582972 692836 69566029 24530317 0 6086916 24936003
   8       2 sda2 25001735 681151637 5665170425 427177523 4858085 22739941 219016361 502013297 0 28423697 930552481
   8      32 sdc 24936461 681097588 5664148642 397100671 5899087 22810894 219983849 465989273 0 32278428 864552665
   8      33 sdc1 78 0 6760 117 0 0 0 0 0 116 117
   8      34 sdc2 24936342 681097588 5664138274 397100499 4904064 22810894 219983849 458200109 0 29337566 856761594
   8      48 sdd 17943561 463460134 3867069559 373926050 12927046 240600482 2018519849 414372604 0 30236455 789610501
   8      49 sdd1 4543 30545 287176 47408 8118 124277 1059288 110458 0 84372 157883
   8      50 sdd2 17938976 463429589 3866778767 373878574 11923905 240476205 2017460561 406680552 0 27286231 781868512
   9     127 md127 74161 0 2033898 0 1052472 0 69316432 0 0 0 0
   9     126 md126 397743 0 65715396 0 9989289 0 583125712 0 0 0 0
