#group: free  frags first [ 2^0   2^1   2^2   2^3   2^4   2^5   2^6   2^7   2^8   2^9   2^10  2^11  2^12  2^13  ]
#0    : 17244 2     15431 [ 2     1     0     1     3     3     1     3     3     1     1     1     1     1     ]
#1    : 6299  13    1039  [ 7     8     7     3     5     6     5     2     3     1     2     1     0     0     ]
#2    : 890   31    16198 [ 26    22    7     3     6     3     1     0     0     1     0     0     0     0     ]
#3    : 4137  13    3949  [ 9     6     5     6     9     4     3     4     2     1     2     0     0     0     ]
#4    : 3747  31    15238 [ 11    18    17    12    9     2     0     4     1     3     1     0     0     0     ]
#5    : 8401  10    11123 [ 7     9     6     4     4     4     3     2     2     2     2     0     1     0     ]
#6    : 19393 14    0     [ 3     7     6     7     0     3     2     1     0     1     2     2     3     0     ]
#7    : 7099  9     3434  [ 3     4     6     3     2     3     2     3     1     0     2     2     0     0     ]
#8    : 3313  25    4096  [ 21    4     1     4     1     3     5     4     3     3     0     0     0     0     ]
#9    : 15215 6     1029  [ 3     4     1     2     3     3     3     4     2     3     2     1     0     1     ]
#10   : 28050 1     4718  [ 0     1     0     0     1     0     0     1     1     0     1     1     0     3     ]
#11   : 32768 1     0     [ 0     0     0     0     0     0     0     0     0     0     0     0     0     4     ]
#12   : 32768 1     0     [ 0     0     0     0     0     0     0     0     0     0     0     0     0     4     ]
#13   : 32768 1     0     [ 0     0     0     0     0     0     0     0     0     0     0     0     0     4     ]
#14   : 32768 1     0     [ 0     0     0     0     0     0     0     0     0     0     0     0     0     4     ]
#15   : 32768 1     0     [ 0     0     0     0     0     0     0     0     0     0     0     0     0     4     ]
#16   : 24371 2     8269  [ 1     1     0     0     1     1     0     2     2     0     1     1     1     2     ]
#17   : 28419 16    0     [ 5     7     6     5     3     4     4     2     4     2     1     2     1     2     ]
#18   : 32768 1     0     [ 0     0     0     0     0     0     0     0     0     0     0     0     0     4     ]
#19   : 32768 1     0     [ 0     0     0     0     0     0     0     0     0     0     0     0     0     4     ]
#20   : 32768 1     0     [ 0     0     0     0     0     0     0     0     0     0     0     0     0     4     ]
#21   : 32768 1     0     [ 0     0     0     0     0     0     0     0     0     0     0     0     0     4     ]
#22   : 32768 1     0     [ 0     0     0     0     0     0     0     0     0     0     0     0     0     4     ]
#23   : 32768 1     0     [ 0     0     0     0     0     0     0     0     0     0     0     0     0     4     ]
#24   : 32768 1     0     [ 0     0     0     0     0     0     0     0     0     0     0     0     0     4     ]
#25   : 31739 1     1029  [ 1     1     0     1     1     1     1     1     1     1     0     1     1     3     ]
#26   : 32768 1     0     [ 0     0     0     0     0     0     0     0     0     0     0     0     0     4     ]
#27   : 31739 1     1029  [ 1     1     0     1     1     1     1     1     1     1     0     1     1     3     ]
#28   : 32768 1     0     [ 0     0     0     0     0     0     0     0     0     0     0     0     0     4     ]
#29   : 32768 1     0     [ 0     0     0     0     0     0     0     0     0     0     0     0     0     4     ]
#30   : 32768 1     0     [ 0     0     0     0     0     0     0     0     0     0     0     0     0     4     ]
#31   : 32768 1     0     [ 0     0     0     0     0     0     0     0     0     0     0     0     0     4     ]
#32   : 23205 20    8233  [ 11    7     3     6     5     6     1     0     1     0     0     1     1     2     ]
#33   : 18350 127   54    [ 80    33    45    45    44    44    47    44    27    0     0     0     0     0     ]
#34   : 12290 57    3     [ 54    34    26    28    28    26    23    23    24    0     0     0     0     0     ]
#35   : 1929  18    8150  [ 13    10    10    6     5     4     3     3     4     0     0     0     0     0     ]
#36   : 11567 287   4763  [ 235   38    38    32    26    38    28    18    20    0     0     0     0     0     ]
#37   : 11278 133   0     [ 80    67    62    0     2     3     1     3     0     0     2     0     0     1     ]
#38   : 30902 1     1866  [ 0     1     1     0     1     1     0     1     0     0     0     1     1     3     ]
#39   : 32768 1     0     [ 0     0     0     0     0     0     0     0     0     0     0     0     0     4     ]
#40   : 32768 1     0     [ 0     0     0     0     0     0     0     0     0     0     0     0     0     4     ]
#41   : 32768 1     0     [ 0     0     0     0     0     0     0     0     0     0     0     0     0     4     ]
#42   : 32768 1     0     [ 0     0     0     0     0     0     0     0     0     0     0     0     0     4     ]
#43   : 32768 1     0     [ 0     0     0     0     0     0     0     0     0     0     0     0     0     4     ]
#44   : 32768 1     0     [ 0     0     0     0     0     0     0     0     0     0     0     0     0     4     ]
#45   : 32768 1     0     [ 0     0     0     0     0     0     0     0     0     0     0     0     0     4     ]
#46   : 32768 1     0     [ 0     0     0     0     0     0     0     0     0     0     0     0     0     4     ]
#47   : 32768 1     0     [ 0     0     0     0     0     0     0     0     0     0     0     0     0     4     ]
#48   : 23449 8     9197  [ 7     1     0     0     1     0     0     1     1     1     0     1     1     2     ]
#49   : 0     0     32768 [ 0     0     0     0     0     0     0     0     0     0     0     0     0     0     ]
#50   : 3468  36    2124  [ 10    17    8     2     3     2     5     5     7     1     0     0     0     0     ]
#51   : 21392 7     0     [ 4     6     6     3     3     5     4     7     2     2     2     2     1     1     ]
#52   : 32768 1     0     [ 0     0     0     0     0     0     0     0     0     0     0     0     0     4     ]
#53   : 32768 1     0     [ 0     0     0     0     0     0     0     0     0     0     0     0     0     4     ]
#54   : 32768 1     0     [ 0     0     0     0     0     0     0     0     0     0     0     0     0     4     ]
#55   : 32768 1     0     [ 0     0     0     0     0     0     0     0     0     0     0     0     0     4     ]
#56   : 32768 1     0     [ 0     0     0     0     0     0     0     0     0     0     0     0     0     4     ]
#57   : 32768 1     0     [ 0     0     0     0     0     0     0     0     0     0     0     0     0     4     ]
#58   : 32768 1     0     [ 0     0     0     0     0     0     0     0     0     0     0     0     0     4     ]
#59   : 32768 1     0     [ 0     0     0     0     0     0     0     0     0     0     0     0     0     4     ]
#60   : 32768 1     0     [ 0     0     0     0     0     0     0     0     0     0     0     0     0     4     ]
#61   : 32768 1     0     [ 0     0     0     0     0     0     0     0     0     0     0     0     0     4     ]
#62   : 32768 1     0     [ 0     0     0     0     0     0     0     0     0     0     0     0     0     4     ]
#63   : 32768 1     0     [ 0     0     0     0     0     0     0     0     0     0     0     0     0     4     ]
#64   : 22950 88    8210  [ 86    6     1     2     1     1     2     1     0     2     1     0     1     2     ]
#65   : 30182 28    4     [ 22    18    13    11    4     5     5     8     11    0     1     2     1     2     ]
#66   : 32768 1     0     [ 0     0     0     0     0     0     0     0     0     0     0     0     0     4     ]
#67   : 32768 1     0     [ 0     0     0     0     0     0     0     0     0     0     0     0     0     4     ]
#68   : 32768 1     0     [ 0     0     0     0     0     0     0     0     0     0     0     0     0     4     ]
#69   : 32768 1     0     [ 0     0     0     0     0     0     0     0     0     0     0     0     0     4     ]
#70   : 32768 1     0     [ 0     0     0     0     0     0     0     0     0     0     0     0     0     4     ]
#71   : 32768 1     0     [ 0     0     0     0     0     0     0     0     0     0     0     0     0     4     ]
#72   : 32768 1     0     [ 0     0     0     0     0     0     0     0     0     0     0     0     0     4     ]
#73   : 32768 1     0     [ 0     0     0     0     0     0     0     0     0     0     0     0     0     4     ]
#74   : 32768 1     0     [ 0     0     0     0     0     0     0     0     0     0     0     0     0     4     ]
#75   : 32768 1     0     [ 0     0     0     0     0     0     0     0     0     0     0     0     0     4     ]
#76   : 32768 1     0     [ 0     0     0     0     0     0     0     0     0     0     0     0     0     4     ]
#77   : 32768 1     0     [ 0     0     0     0     0     0     0     0     0     0     0     0     0     4     ]
#78   : 32768 1     0     [ 0     0     0     0     0     0     0     0     0     0     0     0     0     4     ]
#79   : 32768 1     0     [ 0     0     0     0     0     0     0     0     0     0     0     0     0     4     ]
#80   : 24558 1     8210  [ 0     1     1     1     0     1     1     1     1     1     1     1     1     2     ]
#81   : 31739 1     1029  [ 1     1     0     1     1     1     1     1     1     1     0     1     1     3     ]
#82   : 32768 1     0     [ 0     0     0     0     0     0     0     0     0     0     0     0     0     4     ]
#83   : 32768 1     0     [ 0     0     0     0     0     0     0     0     0     0     0     0     0     4     ]
#84   : 32768 1     0     [ 0     0     0     0     0     0     0     0     0     0     0     0     0     4     ]
#85   : 32768 1     0     [ 0     0     0     0     0     0     0     0     0     0     0     0     0     4     ]
#86   : 32768 1     0     [ 0     0     0     0     0     0     0     0     0     0     0     0     0     4     ]
#87   : 32768 1     0     [ 0     0     0     0     0     0     0     0     0     0     0     0     0     4     ]
#88   : 32768 1     0     [ 0     0     0     0     0     0     0     0     0     0     0     0     0     4     ]
#89   : 32768 1     0     [ 0     0     0     0     0     0     0     0     0     0     0     0     0     4     ]
#90   : 32768 1     0     [ 0     0     0     0     0     0     0     0     0     0     0     0     0     4     ]
#91   : 32768 1     0     [ 0     0     0     0     0     0     0     0     0     0     0     0     0     4     ]
#92   : 32768 1     0     [ 0     0     0     0     0     0     0     0     0     0     0     0     0     4     ]
#93   : 32768 1     0     [ 0     0     0     0     0     0     0     0     0     0     0     0     0     4     ]
#94   : 32768 1     0     [ 0     0     0     0     0     0     0     0     0     0     0     0     0     4     ]
#95   : 32768 1     0     [ 0     0     0     0     0     0     0     0     0     0     0     0     0     4     ]
#96   : 24558 1     8210  [ 0     1     1     1     0     1     1     1     1     1     1     1     1     2     ]
#97   : 32768 1     0     [ 0     0     0     0     0     0     0     0     0     0     0     0     0     4     ]
#98   : 32768 1     0     [ 0     0     0     0     0     0     0     0     0     0     0     0     0     4     ]
#99   : 32768 1     0     [ 0     0     0     0     0     0     0     0     0     0     0     0     0     4     ]
#100  : 32768 1     0     [ 0     0     0     0     0     0     0     0     0     0     0     0     0     4     ]
#101  : 32768 1     0     [ 0     0     0     0     0     0     0     0     0     0     0     0     0     4     ]
#102  : 32768 1     0     [ 0     0     0     0     0     0     0     0     0     0     0     0     0     4     ]
#103  : 32768 1     0     [ 0     0     0     0     0     0     0     0     0     0     0     0     0     4     ]
#104  : 32768 1     0     [ 0     0     0     0     0     0     0     0     0     0     0     0     0     4     ]
#105  : 32768 1     0     [ 0     0     0     0     0     0     0     0     0     0     0     0     0     4     ]
#106  : 32768 1     0     [ 0     0     0     0     0     0     0     0     0     0     0     0     0     4     ]
#107  : 32768 1     0     [ 0     0     0     0     0     0     0     0     0     0     0     0     0     4     ]
#108  : 32768 1     0     [ 0     0     0     0     0     0     0     0     0     0     0     0     0     4     ]
#109  : 32768 1     0     [ 0     0     0     0     0     0     0     0     0     0     0     0     0     4     ]
#110  : 32768 1     0     [ 0     0     0     0     0     0     0     0     0     0     0     0     0     4     ]
#111  : 32768 1     0     [ 0     0     0     0     0     0     0     0     0     0     0     0     0     4     ]
#112  : 24559 1     8209  [ 1     1     1     1     0     1     1     1     1     1     1     1     1     2     ]
#113  : 0     0     32768 [ 0     0     0     0     0     0     0     0     0     0     0     0     0     0     ]
#114  : 32768 1     0     [ 0     0     0     0     0     0     0     0     0     0     0     0     0     4     ]
#115  : 32768 1     0     [ 0     0     0     0     0     0     0     0     0     0     0     0     0     4     ]
#116  : 32768 1     0     [ 0     0     0     0     0     0     0     0     0     0     0     0     0     4     ]
#117  : 32768 1     0     [ 0     0     0     0     0     0     0     0     0     0     0     0     0     4     ]
#118  : 32768 1     0     [ 0     0     0     0     0     0     0     0     0     0     0     0     0     4     ]
#119  : 32768 1     0     [ 0     0     0     0     0     0     0     0     0     0     0     0     0     4     ]
#120  : 32768 1     0     [ 0     0     0     0     0     0     0     0     0     0     0     0     0     4     ]
#121  : 32768 1     0     [ 0     0     0     0     0     0     0     0     0     0     0     0     0     4     ]
#122  : 32768 1     0     [ 0     0     0     0     0     0     0     0     0     0     0     0     0     4     ]
#123  : 32768 1     0     [ 0     0     0     0     0     0     0     0     0     0     0     0     0     4     ]
#124  : 32768 1     0     [ 0     0     0     0     0     0     0     0     0     0     0     0     0     4     ]
#125  : 31739 1     1029  [ 1     1     0     1     1     1     1     1     1     1     0     1     1     3     ]
#126  : 32768 1     0     [ 0     0     0     0     0     0     0     0     0     0     0     0     0     4     ]
#127  : 32768 1     0     [ 0     0     0     0     0     0     0     0     0     0     0     0     0     4     ]
#128  : 23890 1     8878  [ 0     1     0     0     1     0     1     0     1     0     1     1     1     2     ]
#129  : 26039 37    7     [ 15    20    6     9     6     8     9     9     9     2     2     1     0     2     ]
#130  : 30828 2     0     [ 0     0     1     1     2     0     1     2     1     1     1     0     1     3     ]
#131  : 32768 1     0     [ 0     0     0     0     0     0     0     0     0     0     0     0     0     4     ]
#132  : 32768 1     0     [ 0     0     0     0     0     0     0     0     0     0     0     0     0     4     ]
#133  : 32768 1     0     [ 0     0     0     0     0     0     0     0     0     0     0     0     0     4     ]
#134  : 32768 1     0     [ 0     0     0     0     0     0     0     0     0     0     0     0     0     4     ]
#135  : 32768 1     0     [ 0     0     0     0     0     0     0     0     0     0     0     0     0     4     ]
#136  : 32768 1     0     [ 0     0     0     0     0     0     0     0     0     0     0     0     0     4     ]
#137  : 32768 1     0     [ 0     0     0     0     0     0     0     0     0     0     0     0     0     4     ]
#138  : 32768 1     0     [ 0     0     0     0     0     0     0     0     0     0     0     0     0     4     ]
#139  : 32768 1     0     [ 0     0     0     0     0     0     0     0     0     0     0     0     0     4     ]
#140  : 32768 1     0     [ 0     0     0     0     0     0     0     0     0     0     0     0     0     4     ]
#141  : 32768 1     0     [ 0     0     0     0     0     0     0     0     0     0     0     0     0     4     ]
#142  : 32768 1     0     [ 0     0     0     0     0     0     0     0     0     0     0     0     0     4     ]
#143  : 32768 1     0     [ 0     0     0     0     0     0     0     0     0     0     0     0     0     4     ]
#144  : 24549 2     8216  [ 1     2     2     1     1     0     1     1     1     1     1     1     1     2     ]
#145  : 32768 1     0     [ 0     0     0     0     0     0     0     0     0     0     0     0     0     4     ]
#146  : 32768 1     0     [ 0     0     0     0     0     0     0     0     0     0     0     0     0     4     ]
#147  : 32768 1     0     [ 0     0     0     0     0     0     0     0     0     0     0     0     0     4     ]
#148  : 32768 1     0     [ 0     0     0     0     0     0     0     0     0     0     0     0     0     4     ]
#149  : 32768 1     0     [ 0     0     0     0     0     0     0     0     0     0     0     0     0     4     ]
#150  : 32768 1     0     [ 0     0     0     0     0     0     0     0     0     0     0     0     0     4     ]
#151  : 32768 1     0     [ 0     0     0     0     0     0     0     0     0     0     0     0     0     4     ]
#152  : 32768 1     0     [ 0     0     0     0     0     0     0     0     0     0     0     0     0     4     ]
#153  : 32768 1     0     [ 0     0     0     0     0     0     0     0     0     0     0     0     0     4     ]
#154  : 32768 1     0     [ 0     0     0     0     0     0     0     0     0     0     0     0     0     4     ]
#155  : 32768 1     0     [ 0     0     0     0     0     0     0     0     0     0     0     0     0     4     ]
#156  : 32768 1     0     [ 0     0     0     0     0     0     0     0     0     0     0     0     0     4     ]
#157  : 32768 1     0     [ 0     0     0     0     0     0     0     0     0     0     0     0     0     4     ]
#158  : 32768 1     0     [ 0     0     0     0     0     0     0     0     0     0     0     0     0     4     ]
#159  : 32768 1     0     [ 0     0     0     0     0     0     0     0     0     0     0     0     0     4     ]
#160  : 23435 2     8960  [ 1     1     0     1     0     0     0     1     1     1     0     1     1     2     ]
#161  : 7     1     48    [ 1     1     1     0     0     0     0     0     0     0     0     0     0     0     ]
#162  : 169   8     6936  [ 1     2     1     4     2     1     1     0     0     0     0     0     0     0     ]
#163  : 2101  12    1136  [ 9     6     8     8     4     2     1     0     1     1     1     0     0     0     ]
#164  : 699   6     960   [ 7     6     2     4     2     3     0     0     2     0     0     0     0     0     ]
#165  : 1724  11    8136  [ 6     7     6     6     6     4     2     2     2     1     0     0     0     0     ]
#166  : 8089  21    1895  [ 9     16    20    14    7     10    4     2     1     1     0     1     1     0     ]
#167  : 30987 1     1781  [ 1     1     0     1     0     0     0     0     1     0     0     1     1     3     ]
#168  : 32768 1     0     [ 0     0     0     0     0     0     0     0     0     0     0     0     0     4     ]
#169  : 32768 1     0     [ 0     0     0     0     0     0     0     0     0     0     0     0     0     4     ]
#170  : 32768 1     0     [ 0     0     0     0     0     0     0     0     0     0     0     0     0     4     ]
#171  : 32768 1     0     [ 0     0     0     0     0     0     0     0     0     0     0     0     0     4     ]
#172  : 32768 1     0     [ 0     0     0     0     0     0     0     0     0     0     0     0     0     4     ]
#173  : 32768 1     0     [ 0     0     0     0     0     0     0     0     0     0     0     0     0     4     ]
#174  : 32768 1     0     [ 0     0     0     0     0     0     0     0     0     0     0     0     0     4     ]
#175  : 32768 1     0     [ 0     0     0     0     0     0     0     0     0     0     0     0     0     4     ]
#176  : 23467 2     9088  [ 1     1     0     1     0     1     0     1     1     1     0     1     1     2     ]
#177  : 9290  2     64    [ 0     1     0     1     0     0     1     0     0     0     1     0     0     1     ]
#178  : 32768 1     0     [ 0     0     0     0     0     0     0     0     0     0     0     0     0     4     ]
#179  : 32768 1     0     [ 0     0     0     0     0     0     0     0     0     0     0     0     0     4     ]
#180  : 32768 1     0     [ 0     0     0     0     0     0     0     0     0     0     0     0     0     4     ]
#181  : 32768 1     0     [ 0     0     0     0     0     0     0     0     0     0     0     0     0     4     ]
#182  : 32768 1     0     [ 0     0     0     0     0     0     0     0     0     0     0     0     0     4     ]
#183  : 32768 1     0     [ 0     0     0     0     0     0     0     0     0     0     0     0     0     4     ]
#184  : 32768 1     0     [ 0     0     0     0     0     0     0     0     0     0     0     0     0     4     ]
#185  : 32768 1     0     [ 0     0     0     0     0     0     0     0     0     0     0     0     0     4     ]
#186  : 32768 1     0     [ 0     0     0     0     0     0     0     0     0     0     0     0     0     4     ]
#187  : 32768 1     0     [ 0     0     0     0     0     0     0     0     0     0     0     0     0     4     ]
#188  : 32768 1     0     [ 0     0     0     0     0     0     0     0     0     0     0     0     0     4     ]
#189  : 32768 1     0     [ 0     0     0     0     0     0     0     0     0     0     0     0     0     4     ]
#190  : 32768 1     0     [ 0     0     0     0     0     0     0     0     0     0     0     0     0     4     ]
#191  : 32768 1     0     [ 0     0     0     0     0     0     0     0     0     0     0     0     0     4     ]
#192  : 23449 1     9319  [ 1     0     0     1     1     0     0     1     1     1     0     1     1     2     ]
#193  : 627   7     2418  [ 3     6     7     7     3     3     4     1     0     0     0     0     0     0     ]
#194  : 31797 4     908   [ 3     1     0     0     1     1     0     0     0     0     1     1     1     3     ]
#195  : 32768 1     0     [ 0     0     0     0     0     0     0     0     0     0     0     0     0     4     ]
#196  : 32768 1     0     [ 0     0     0     0     0     0     0     0     0     0     0     0     0     4     ]
#197  : 32768 1     0     [ 0     0     0     0     0     0     0     0     0     0     0     0     0     4     ]
#198  : 32768 1     0     [ 0     0     0     0     0     0     0     0     0     0     0     0     0     4     ]
#199  : 32768 1     0     [ 0     0     0     0     0     0     0     0     0     0     0     0     0     4     ]
#200  : 32768 1     0     [ 0     0     0     0     0     0     0     0     0     0     0     0     0     4     ]
#201  : 32768 1     0     [ 0     0     0     0     0     0     0     0     0     0     0     0     0     4     ]
#202  : 32768 1     0     [ 0     0     0     0     0     0     0     0     0     0     0     0     0     4     ]
#203  : 32768 1     0     [ 0     0     0     0     0     0     0     0     0     0     0     0     0     4     ]
#204  : 32768 1     0     [ 0     0     0     0     0     0     0     0     0     0     0     0     0     4     ]
#205  : 32768 1     0     [ 0     0     0     0     0     0     0     0     0     0     0     0     0     4     ]
#206  : 32768 1     0     [ 0     0     0     0     0     0     0     0     0     0     0     0     0     4     ]
#207  : 32768 1     0     [ 0     0     0     0     0     0     0     0     0     0     0     0     0     4     ]
#208  : 23444 1     9324  [ 0     0     1     0     1     0     0     1     1     1     0     1     1     2     ]
#209  : 2159  1     166   [ 1     1     1     1     0     1     1     0     0     0     0     1     0     0     ]
#210  : 29778 1     2990  [ 0     1     0     0     1     0     1     0     0     0     1     0     1     3     ]
#211  : 32768 1     0     [ 0     0     0     0     0     0     0     0     0     0     0     0     0     4     ]
#212  : 32768 1     0     [ 0     0     0     0     0     0     0     0     0     0     0     0     0     4     ]
#213  : 32768 1     0     [ 0     0     0     0     0     0     0     0     0     0     0     0     0     4     ]
#214  : 32768 1     0     [ 0     0     0     0     0     0     0     0     0     0     0     0     0     4     ]
#215  : 32768 1     0     [ 0     0     0     0     0     0     0     0     0     0     0     0     0     4     ]
#216  : 32768 1     0     [ 0     0     0     0     0     0     0     0     0     0     0     0     0     4     ]
#217  : 32768 1     0     [ 0     0     0     0     0     0     0     0     0     0     0     0     0     4     ]
#218  : 32768 1     0     [ 0     0     0     0     0     0     0     0     0     0     0     0     0     4     ]
#219  : 32768 1     0     [ 0     0     0     0     0     0     0     0     0     0     0     0     0     4     ]
#220  : 32768 1     0     [ 0     0     0     0     0     0     0     0     0     0     0     0     0     4     ]
#221  : 32768 1     0     [ 0     0     0     0     0     0     0     0     0     0     0     0     0     4     ]
#222  : 32768 1     0     [ 0     0     0     0     0     0     0     0     0     0     0     0     0     4     ]
#223  : 32768 1     0     [ 0     0     0     0     0     0     0     0     0     0     0     0     0     4     ]
#224  : 24437 2     8075  [ 1     0     1     0     1     1     1     0     1     1     1     1     1     2     ]
#225  : 16035 3     7472  [ 1     1     0     0     0     1     0     1     0     1     1     1     1     1     ]
#226  : 32768 1     0     [ 0     0     0     0     0     0     0     0     0     0     0     0     0     4     ]
#227  : 32768 1     0     [ 0     0     0     0     0     0     0     0     0     0     0     0     0     4     ]
#228  : 32768 1     0     [ 0     0     0     0     0     0     0     0     0     0     0     0     0     4     ]
#229  : 32768 1     0     [ 0     0     0     0     0     0     0     0     0     0     0     0     0     4     ]
#230  : 32768 1     0     [ 0     0     0     0     0     0     0     0     0     0     0     0     0     4     ]
#231  : 32768 1     0     [ 0     0     0     0     0     0     0     0     0     0     0     0     0     4     ]
#232  : 32768 1     0     [ 0     0     0     0     0     0     0     0     0     0     0     0     0     4     ]
#233  : 32768 1     0     [ 0     0     0     0     0     0     0     0     0     0     0     0     0     4     ]
#234  : 32768 1     0     [ 0     0     0     0     0     0     0     0     0     0     0     0     0     4     ]
#235  : 32768 1     0     [ 0     0     0     0     0     0     0     0     0     0     0     0     0     4     ]
#236  : 32768 1     0     [ 0     0     0     0     0     0     0     0     0     0     0     0     0     4     ]
#237  : 32768 1     0     [ 0     0     0     0     0     0     0     0     0     0     0     0     0     4     ]
#238  : 13312 1     0     [ 0     0     0     0     0     0     0     0     0     0     1     0     1     1     ]
