0000	10221450	0	               0	               0	               0	               0	               0	               0	               0	               0	               0	               0	               0	               0	               0	               0	
0008	10221452	0	               0	               0	               0	               0	               0	               0	               0	               0	               0	               0	               0	               0	               0	               0	
0009	10221453	19	               0	               0	               0	               0	               0	               0	               0	               0	               0	               0	               0	               0	               0	               0	pcieport
000a	10221453	1a	               0	               0	               0	               0	               0	               0	               0	               0	               0	               0	               0	               0	               0	               0	pcieport
000b	10221453	1b	               0	               0	               0	               0	               0	               0	               0	               0	               0	               0	               0	               0	               0	               0	pcieport
000c	10221453	1c	               0	               0	               0	               0	               0	               0	               0	               0	               0	               0	               0	               0	               0	               0	pcieport
0010	10221452	0	               0	               0	               0	               0	               0	               0	               0	               0	               0	               0	               0	               0	               0	               0	
0011	10221453	1d	               0	               0	               0	               0	               0	               0	               0	               0	               0	               0	               0	               0	               0	               0	pcieport
0018	10221452	0	               0	               0	               0	               0	               0	               0	               0	               0	               0	               0	               0	               0	               0	               0	
0020	10221452	0	               0	               0	               0	               0	               0	               0	               0	               0	               0	               0	               0	               0	               0	               0	
0038	10221452	0	               0	               0	               0	               0	               0	               0	               0	               0	               0	               0	               0	               0	               0	               0	
0039	10221454	1e	               0	               0	               0	               0	               0	               0	               0	               0	               0	               0	               0	               0	               0	               0	pcieport
0040	10221452	0	               0	               0	               0	               0	               0	               0	               0	               0	               0	               0	               0	               0	               0	               0	
0041	10221454	20	               0	               0	               0	               0	               0	               0	               0	               0	               0	               0	               0	               0	               0	               0	pcieport
00a0	1022790b	0	               0	               0	               0	               0	               0	               0	               0	               0	               0	               0	               0	               0	               0	               0	piix4_smbus
00a3	1022790e	0	               0	               0	               0	               0	               0	               0	               0	               0	               0	               0	               0	               0	               0	               0	
00c0	10221460	0	               0	               0	               0	               0	               0	               0	               0	               0	               0	               0	               0	               0	               0	               0	
00c1	10221461	0	               0	               0	               0	               0	               0	               0	               0	               0	               0	               0	               0	               0	               0	               0	
00c2	10221462	0	               0	               0	               0	               0	               0	               0	               0	               0	               0	               0	               0	               0	               0	               0	
00c3	10221463	0	               0	               0	               0	               0	               0	               0	               0	               0	               0	               0	               0	               0	               0	               0	k10temp
00c4	10221464	0	               0	               0	               0	               0	               0	               0	               0	               0	               0	               0	               0	               0	               0	               0	
00c5	10221465	0	               0	               0	               0	               0	               0	               0	               0	               0	               0	               0	               0	               0	               0	               0	
00c6	10221466	0	               0	               0	               0	               0	               0	               0	               0	               0	               0	               0	               0	               0	               0	               0	
00c7	10221467	0	               0	               0	               0	               0	               0	               0	               0	               0	               0	               0	               0	               0	               0	               0	
00c8	10221460	0	               0	               0	               0	               0	               0	               0	               0	               0	               0	               0	               0	               0	               0	               0	
00c9	10221461	0	               0	               0	               0	               0	               0	               0	               0	               0	               0	               0	               0	               0	               0	               0	
00ca	10221462	0	               0	               0	               0	               0	               0	               0	               0	               0	               0	               0	               0	               0	               0	               0	
00cb	10221463	0	               0	               0	               0	               0	               0	               0	               0	               0	               0	               0	               0	               0	               0	               0	k10temp
00cc	10221464	0	               0	               0	               0	               0	               0	               0	               0	               0	               0	               0	               0	               0	               0	               0	
00cd	10221465	0	               0	               0	               0	               0	               0	               0	               0	               0	               0	               0	               0	               0	               0	               0	
00ce	10221466	0	               0	               0	               0	               0	               0	               0	               0	               0	               0	               0	               0	               0	               0	               0	
00cf	10221467	0	               0	               0	               0	               0	               0	               0	               0	               0	               0	               0	               0	               0	               0	               0	
00d0	10221460	0	               0	               0	               0	               0	               0	               0	               0	               0	               0	               0	               0	               0	               0	               0	
00d1	10221461	0	               0	               0	               0	               0	               0	               0	               0	               0	               0	               0	               0	               0	               0	               0	
00d2	10221462	0	               0	               0	               0	               0	               0	               0	               0	               0	               0	               0	               0	               0	               0	               0	
00d3	10221463	0	               0	               0	               0	               0	               0	               0	               0	               0	               0	               0	               0	               0	               0	               0	k10temp
00d4	10221464	0	               0	               0	               0	               0	               0	               0	               0	               0	               0	               0	               0	               0	               0	               0	
00d5	10221465	0	               0	               0	               0	               0	               0	               0	               0	               0	               0	               0	               0	               0	               0	               0	
00d6	10221466	0	               0	               0	               0	               0	               0	               0	               0	               0	               0	               0	               0	               0	               0	               0	
00d7	10221467	0	               0	               0	               0	               0	               0	               0	               0	               0	               0	               0	               0	               0	               0	               0	
00d8	10221460	0	               0	               0	               0	               0	               0	               0	               0	               0	               0	               0	               0	               0	               0	               0	
00d9	10221461	0	               0	               0	               0	               0	               0	               0	               0	               0	               0	               0	               0	               0	               0	               0	
00da	10221462	0	               0	               0	               0	               0	               0	               0	               0	               0	               0	               0	               0	               0	               0	               0	
00db	10221463	0	               0	               0	               0	               0	               0	               0	               0	               0	               0	               0	               0	               0	               0	               0	k10temp
00dc	10221464	0	               0	               0	               0	               0	               0	               0	               0	               0	               0	               0	               0	               0	               0	               0	
00dd	10221465	0	               0	               0	               0	               0	               0	               0	               0	               0	               0	               0	               0	               0	               0	               0	
00de	10221466	0	               0	               0	               0	               0	               0	               0	               0	               0	               0	               0	               0	               0	               0	               0	
00df	10221467	0	               0	               0	               0	               0	               0	               0	               0	               0	               0	               0	               0	               0	               0	               0	
00e0	10221460	0	               0	               0	               0	               0	               0	               0	               0	               0	               0	               0	               0	               0	               0	               0	
00e1	10221461	0	               0	               0	               0	               0	               0	               0	               0	               0	               0	               0	               0	               0	               0	               0	
00e2	10221462	0	               0	               0	               0	               0	               0	               0	               0	               0	               0	               0	               0	               0	               0	               0	
00e3	10221463	0	               0	               0	               0	               0	               0	               0	               0	               0	               0	               0	               0	               0	               0	               0	k10temp
00e4	10221464	0	               0	               0	               0	               0	               0	               0	               0	               0	               0	               0	               0	               0	               0	               0	
00e5	10221465	0	               0	               0	               0	               0	               0	               0	               0	               0	               0	               0	               0	               0	               0	               0	
00e6	10221466	0	               0	               0	               0	               0	               0	               0	               0	               0	               0	               0	               0	               0	               0	               0	
00e7	10221467	0	               0	               0	               0	               0	               0	               0	               0	               0	               0	               0	               0	               0	               0	               0	
00e8	10221460	0	               0	               0	               0	               0	               0	               0	               0	               0	               0	               0	               0	               0	               0	               0	
00e9	10221461	0	               0	               0	               0	               0	               0	               0	               0	               0	               0	               0	               0	               0	               0	               0	
00ea	10221462	0	               0	               0	               0	               0	               0	               0	               0	               0	               0	               0	               0	               0	               0	               0	
00eb	10221463	0	               0	               0	               0	               0	               0	               0	               0	               0	               0	               0	               0	               0	               0	               0	k10temp
00ec	10221464	0	               0	               0	               0	               0	               0	               0	               0	               0	               0	               0	               0	               0	               0	               0	
00ed	10221465	0	               0	               0	               0	               0	               0	               0	               0	               0	               0	               0	               0	               0	               0	               0	
00ee	10221466	0	               0	               0	               0	               0	               0	               0	               0	               0	               0	               0	               0	               0	               0	               0	
00ef	10221467	0	               0	               0	               0	               0	               0	               0	               0	               0	               0	               0	               0	               0	               0	               0	
00f0	10221460	0	               0	               0	               0	               0	               0	               0	               0	               0	               0	               0	               0	               0	               0	               0	
00f1	10221461	0	               0	               0	               0	               0	               0	               0	               0	               0	               0	               0	               0	               0	               0	               0	
00f2	10221462	0	               0	               0	               0	               0	               0	               0	               0	               0	               0	               0	               0	               0	               0	               0	
00f3	10221463	0	               0	               0	               0	               0	               0	               0	               0	               0	               0	               0	               0	               0	               0	               0	k10temp
00f4	10221464	0	               0	               0	               0	               0	               0	               0	               0	               0	               0	               0	               0	               0	               0	               0	
00f5	10221465	0	               0	               0	               0	               0	               0	               0	               0	               0	               0	               0	               0	               0	               0	               0	
00f6	10221466	0	               0	               0	               0	               0	               0	               0	               0	               0	               0	               0	               0	               0	               0	               0	
00f7	10221467	0	               0	               0	               0	               0	               0	               0	               0	               0	               0	               0	               0	               0	               0	               0	
00f8	10221460	0	               0	               0	               0	               0	               0	               0	               0	               0	               0	               0	               0	               0	               0	               0	
00f9	10221461	0	               0	               0	               0	               0	               0	               0	               0	               0	               0	               0	               0	               0	               0	               0	
00fa	10221462	0	               0	               0	               0	               0	               0	               0	               0	               0	               0	               0	               0	               0	               0	               0	
00fb	10221463	0	               0	               0	               0	               0	               0	               0	               0	               0	               0	               0	               0	               0	               0	               0	k10temp
00fc	10221464	0	               0	               0	               0	               0	               0	               0	               0	               0	               0	               0	               0	               0	               0	               0	
00fd	10221465	0	               0	               0	               0	               0	               0	               0	               0	               0	               0	               0	               0	               0	               0	               0	
00fe	10221466	0	               0	               0	               0	               0	               0	               0	               0	               0	               0	               0	               0	               0	               0	               0	
00ff	10221467	0	               0	               0	               0	               0	               0	               0	               0	               0	               0	               0	               0	               0	               0	               0	
0300	1b211142	40	        ef800004	               0	               0	               0	               0	               0	               0	            8000	               0	               0	               0	               0	               0	               0	xhci_hcd
0400	1b211142	40	        ef700004	               0	               0	               0	               0	               0	               0	            8000	               0	               0	               0	               0	               0	               0	xhci_hcd
0500	1a031150	64	               0	               0	               0	               0	               0	               0	               0	               0	               0	               0	               0	               0	               0	               0	
0600	1a032000	64	        ee000000	        ef000000	            1001	               0	               0	               0	               2	         1000000	           20000	              80	               0	               0	               0	               0	ast
0700	1022145a	0	               0	               0	               0	               0	               0	               0	               0	               0	               0	               0	               0	               0	               0	               0	
0702	10221456	147	               0	               0	        ef300000	               0	               0	        ef400000	               0	               0	               0	          100000	               0	               0	            2000	               0	ccp
0703	1022145f	51	        ef200004	               0	               0	               0	               0	               0	               0	          100000	               0	               0	               0	               0	               0	               0	xhci_hcd
0800	10221455	0	               0	               0	               0	               0	               0	               0	               0	               0	               0	               0	               0	               0	               0	               0	
0801	10221468	14a	               0	               0	        ef500000	               0	               0	        ef600000	               0	               0	               0	          100000	               0	               0	            2000	               0	ccp
1000	10221450	0	               0	               0	               0	               0	               0	               0	               0	               0	               0	               0	               0	               0	               0	               0	
1008	10221452	0	               0	               0	               0	               0	               0	               0	               0	               0	               0	               0	               0	               0	               0	               0	
1009	10221453	21	               0	               0	               0	               0	               0	               0	               0	               0	               0	               0	               0	               0	               0	               0	pcieport
1010	10221452	0	               0	               0	               0	               0	               0	               0	               0	               0	               0	               0	               0	               0	               0	               0	
1018	10221452	0	               0	               0	               0	               0	               0	               0	               0	               0	               0	               0	               0	               0	               0	               0	
1020	10221452	0	               0	               0	               0	               0	               0	               0	               0	               0	               0	               0	               0	               0	               0	               0	
1038	10221452	0	               0	               0	               0	               0	               0	               0	               0	               0	               0	               0	               0	               0	               0	               0	
1039	10221454	23	               0	               0	               0	               0	               0	               0	               0	               0	               0	               0	               0	               0	               0	               0	pcieport
1040	10221452	0	               0	               0	               0	               0	               0	               0	               0	               0	               0	               0	               0	               0	               0	               0	
1041	10221454	25	               0	               0	               0	               0	               0	               0	               0	               0	               0	               0	               0	               0	               0	               0	pcieport
1100	80861521	5a	        eb980000	               0	            2061	        eba0c000	               0	               0	               0	           80000	               0	              20	            4000	               0	               0	               0	igb
1101	80861521	69	        eb900000	               0	            2041	        eba08000	               0	               0	               0	           80000	               0	              20	            4000	               0	               0	               0	igb
1102	80861521	73	        eb880000	               0	            2021	        eba04000	               0	               0	               0	           80000	               0	              20	            4000	               0	               0	               0	igb
1103	80861521	7d	        eb800000	               0	            2001	        eba00000	               0	               0	               0	           80000	               0	              20	            4000	               0	               0	               0	igb
1200	1022145a	0	               0	               0	               0	               0	               0	               0	               0	               0	               0	               0	               0	               0	               0	               0	
1202	10221456	14c	               0	               0	        ebd00000	               0	               0	        ebe00000	               0	               0	               0	          100000	               0	               0	            2000	               0	ccp
1300	10221455	0	               0	               0	               0	               0	               0	               0	               0	               0	               0	               0	               0	               0	               0	               0	
1301	10221468	14f	               0	               0	        ebb00000	               0	               0	        ebc00000	               0	               0	               0	          100000	               0	               0	            2000	               0	ccp
1302	10227901	66	               0	               0	               0	               0	               0	        ebc02000	               0	               0	               0	               0	               0	               0	            1000	               0	ahci
2000	10221450	0	               0	               0	               0	               0	               0	               0	               0	               0	               0	               0	               0	               0	               0	               0	
2008	10221452	0	               0	               0	               0	               0	               0	               0	               0	               0	               0	               0	               0	               0	               0	               0	
2010	10221452	0	               0	               0	               0	               0	               0	               0	               0	               0	               0	               0	               0	               0	               0	               0	
2018	10221452	0	               0	               0	               0	               0	               0	               0	               0	               0	               0	               0	               0	               0	               0	               0	
2020	10221452	0	               0	               0	               0	               0	               0	               0	               0	               0	               0	               0	               0	               0	               0	               0	
2038	10221452	0	               0	               0	               0	               0	               0	               0	               0	               0	               0	               0	               0	               0	               0	               0	
2039	10221454	27	               0	               0	               0	               0	               0	               0	               0	               0	               0	               0	               0	               0	               0	               0	pcieport
2040	10221452	0	               0	               0	               0	               0	               0	               0	               0	               0	               0	               0	               0	               0	               0	               0	
2041	10221454	29	               0	               0	               0	               0	               0	               0	               0	               0	               0	               0	               0	               0	               0	               0	pcieport
2100	1022145a	0	               0	               0	               0	               0	               0	               0	               0	               0	               0	               0	               0	               0	               0	               0	
2102	10221456	151	               0	               0	        eb400000	               0	               0	        eb500000	               0	               0	               0	          100000	               0	               0	            2000	               0	ccp
2200	10221455	0	               0	               0	               0	               0	               0	               0	               0	               0	               0	               0	               0	               0	               0	               0	
2201	10221468	154	               0	               0	        eb200000	               0	               0	        eb300000	               0	               0	               0	          100000	               0	               0	            2000	               0	ccp
3000	10221450	0	               0	               0	               0	               0	               0	               0	               0	               0	               0	               0	               0	               0	               0	               0	
3008	10221452	0	               0	               0	               0	               0	               0	               0	               0	               0	               0	               0	               0	               0	               0	               0	
3010	10221452	0	               0	               0	               0	               0	               0	               0	               0	               0	               0	               0	               0	               0	               0	               0	
3018	10221452	0	               0	               0	               0	               0	               0	               0	               0	               0	               0	               0	               0	               0	               0	               0	
3020	10221452	0	               0	               0	               0	               0	               0	               0	               0	               0	               0	               0	               0	               0	               0	               0	
3038	10221452	0	               0	               0	               0	               0	               0	               0	               0	               0	               0	               0	               0	               0	               0	               0	
3039	10221454	2b	               0	               0	               0	               0	               0	               0	               0	               0	               0	               0	               0	               0	               0	               0	pcieport
3040	10221452	0	               0	               0	               0	               0	               0	               0	               0	               0	               0	               0	               0	               0	               0	               0	
3041	10221454	2d	               0	               0	               0	               0	               0	               0	               0	               0	               0	               0	               0	               0	               0	               0	pcieport
3100	1022145a	0	               0	               0	               0	               0	               0	               0	               0	               0	               0	               0	               0	               0	               0	               0	
3102	10221456	156	               0	               0	        e8e00000	               0	               0	        e8f00000	               0	               0	               0	          100000	               0	               0	            2000	               0	ccp
3200	10221455	0	               0	               0	               0	               0	               0	               0	               0	               0	               0	               0	               0	               0	               0	               0	
3201	10221468	159	               0	               0	        e8c00000	               0	               0	        e8d00000	               0	               0	               0	          100000	               0	               0	            2000	               0	ccp
4000	10221450	0	               0	               0	               0	               0	               0	               0	               0	               0	               0	               0	               0	               0	               0	               0	
4008	10221452	0	               0	               0	               0	               0	               0	               0	               0	               0	               0	               0	               0	               0	               0	               0	
4009	10221453	2e	               0	               0	               0	               0	               0	               0	               0	               0	               0	               0	               0	               0	               0	               0	pcieport
400a	10221453	2f	               0	               0	               0	               0	               0	               0	               0	               0	               0	               0	               0	               0	               0	               0	pcieport
4010	10221452	0	               0	               0	               0	               0	               0	               0	               0	               0	               0	               0	               0	               0	               0	               0	
4018	10221452	0	               0	               0	               0	               0	               0	               0	               0	               0	               0	               0	               0	               0	               0	               0	
4020	10221452	0	               0	               0	               0	               0	               0	               0	               0	               0	               0	               0	               0	               0	               0	               0	
4038	10221452	0	               0	               0	               0	               0	               0	               0	               0	               0	               0	               0	               0	               0	               0	               0	
4039	10221454	31	               0	               0	               0	               0	               0	               0	               0	               0	               0	               0	               0	               0	               0	               0	pcieport
4040	10221452	0	               0	               0	               0	               0	               0	               0	               0	               0	               0	               0	               0	               0	               0	               0	
4041	10221454	33	               0	               0	               0	               0	               0	               0	               0	               0	               0	               0	               0	               0	               0	               0	pcieport
4300	1022145a	0	               0	               0	               0	               0	               0	               0	               0	               0	               0	               0	               0	               0	               0	               0	
4302	10221456	67	               0	               0	        e6800000	               0	               0	        e6900000	               0	               0	               0	          100000	               0	               0	            2000	               0	ccp
4400	10221455	0	               0	               0	               0	               0	               0	               0	               0	               0	               0	               0	               0	               0	               0	               0	
4401	10221468	15d	               0	               0	        e6600000	               0	               0	        e6700000	               0	               0	               0	          100000	               0	               0	            2000	               0	ccp
4402	10227901	68	               0	               0	               0	               0	               0	        e6702000	               0	               0	               0	               0	               0	               0	            1000	               0	ahci
5000	10221450	0	               0	               0	               0	               0	               0	               0	               0	               0	               0	               0	               0	               0	               0	               0	
5008	10221452	0	               0	               0	               0	               0	               0	               0	               0	               0	               0	               0	               0	               0	               0	               0	
5010	10221452	0	               0	               0	               0	               0	               0	               0	               0	               0	               0	               0	               0	               0	               0	               0	
5018	10221452	0	               0	               0	               0	               0	               0	               0	               0	               0	               0	               0	               0	               0	               0	               0	
5020	10221452	0	               0	               0	               0	               0	               0	               0	               0	               0	               0	               0	               0	               0	               0	               0	
5038	10221452	0	               0	               0	               0	               0	               0	               0	               0	               0	               0	               0	               0	               0	               0	               0	
5039	10221454	35	               0	               0	               0	               0	               0	               0	               0	               0	               0	               0	               0	               0	               0	               0	pcieport
5040	10221452	0	               0	               0	               0	               0	               0	               0	               0	               0	               0	               0	               0	               0	               0	               0	
5041	10221454	37	               0	               0	               0	               0	               0	               0	               0	               0	               0	               0	               0	               0	               0	               0	pcieport
5100	1022145a	0	               0	               0	               0	               0	               0	               0	               0	               0	               0	               0	               0	               0	               0	               0	
5102	10221456	15f	               0	               0	        e4200000	               0	               0	        e4300000	               0	               0	               0	          100000	               0	               0	            2000	               0	ccp
5200	10221455	0	               0	               0	               0	               0	               0	               0	               0	               0	               0	               0	               0	               0	               0	               0	
5201	10221468	162	               0	               0	        e4000000	               0	               0	        e4100000	               0	               0	               0	          100000	               0	               0	            2000	               0	ccp
6000	10221450	0	               0	               0	               0	               0	               0	               0	               0	               0	               0	               0	               0	               0	               0	               0	
6008	10221452	0	               0	               0	               0	               0	               0	               0	               0	               0	               0	               0	               0	               0	               0	               0	
6010	10221452	0	               0	               0	               0	               0	               0	               0	               0	               0	               0	               0	               0	               0	               0	               0	
6018	10221452	0	               0	               0	               0	               0	               0	               0	               0	               0	               0	               0	               0	               0	               0	               0	
6020	10221452	0	               0	               0	               0	               0	               0	               0	               0	               0	               0	               0	               0	               0	               0	               0	
6038	10221452	0	               0	               0	               0	               0	               0	               0	               0	               0	               0	               0	               0	               0	               0	               0	
6039	10221454	39	               0	               0	               0	               0	               0	               0	               0	               0	               0	               0	               0	               0	               0	               0	pcieport
6040	10221452	0	               0	               0	               0	               0	               0	               0	               0	               0	               0	               0	               0	               0	               0	               0	
6041	10221454	3b	               0	               0	               0	               0	               0	               0	               0	               0	               0	               0	               0	               0	               0	               0	pcieport
6100	1022145a	0	               0	               0	               0	               0	               0	               0	               0	               0	               0	               0	               0	               0	               0	               0	
6102	10221456	164	               0	               0	        e1c00000	               0	               0	        e1d00000	               0	               0	               0	          100000	               0	               0	            2000	               0	ccp
6200	10221455	0	               0	               0	               0	               0	               0	               0	               0	               0	               0	               0	               0	               0	               0	               0	
6201	10221468	167	               0	               0	        e1a00000	               0	               0	        e1b00000	               0	               0	               0	          100000	               0	               0	            2000	               0	ccp
7000	10221450	0	               0	               0	               0	               0	               0	               0	               0	               0	               0	               0	               0	               0	               0	               0	
7008	10221452	0	               0	               0	               0	               0	               0	               0	               0	               0	               0	               0	               0	               0	               0	               0	
7010	10221452	0	               0	               0	               0	               0	               0	               0	               0	               0	               0	               0	               0	               0	               0	               0	
7018	10221452	0	               0	               0	               0	               0	               0	               0	               0	               0	               0	               0	               0	               0	               0	               0	
7020	10221452	0	               0	               0	               0	               0	               0	               0	               0	               0	               0	               0	               0	               0	               0	               0	
7038	10221452	0	               0	               0	               0	               0	               0	               0	               0	               0	               0	               0	               0	               0	               0	               0	
7039	10221454	3d	               0	               0	               0	               0	               0	               0	               0	               0	               0	               0	               0	               0	               0	               0	pcieport
7040	10221452	0	               0	               0	               0	               0	               0	               0	               0	               0	               0	               0	               0	               0	               0	               0	
7041	10221454	3f	               0	               0	               0	               0	               0	               0	               0	               0	               0	               0	               0	               0	               0	               0	pcieport
7100	1022145a	0	               0	               0	               0	               0	               0	               0	               0	               0	               0	               0	               0	               0	               0	               0	
7102	10221456	169	               0	               0	        df600000	               0	               0	        df700000	               0	               0	               0	          100000	               0	               0	            2000	               0	ccp
7200	10221455	0	               0	               0	               0	               0	               0	               0	               0	               0	               0	               0	               0	               0	               0	               0	
7201	10221468	16c	               0	               0	        df400000	               0	               0	        df500000	               0	               0	               0	          100000	               0	               0	            2000	               0	ccp
